lambdaGrand <-
110.369426751592
deltaGrand <-
69.0697674418605
sigdelPrec <-
0.000207712266754996
siglamPrec <-
0.00283684985961694
tauPrec <-
0.4009752
psi <-
0.246755241317694
phi <-
0.0940601338248162
rho <-
0.178282970583873
betavec <-
c(0.256526274938368, 0.256526274938368, 0.256526274938368, 0.256526274938368, 
0.256526274938368, 0.256526274938368, 0.256526274938368, 0.256526274938368, 
0.256526274938368, 0.256526274938368, 0.256526274938368, 0.256526274938368, 
0.256526274938368, 0.256526274938368, 0.256526274938368, 0.256526274938368, 
0.256526274938368, 0.256526274938368, 0.256526274938368, 0.256526274938368, 
0.256526274938368, 0.256526274938368, 0.256526274938368, 0.256526274938368, 
0.256526274938368, 0.256526274938368, 0.256526274938368, 0.256526274938368, 
0.256526274938368, 0.256526274938368, 0.256526274938368, 0.256526274938368, 
0.256526274938368, 0.256526274938368, 0.256526274938368, 0.256526274938368, 
0.256526274938368, 0.256526274938368, 0.256526274938368, 0.256526274938368, 
0.256526274938368, 0.256526274938368, 0.256526274938368, 0.256526274938368, 
0.256526274938368, 0.256526274938368, 0.256526274938368, 0.256526274938368, 
0.256526274938368, 0.256526274938368, 0.256526274938368, 0.256526274938368, 
0.256526274938368, 0.256526274938368, 0.256526274938368, 0.256526274938368, 
0.256526274938368, 0.256526274938368, 0.256526274938368, 0.256526274938368, 
0.256526274938368, 0.256526274938368, 0.256526274938368, 0.256526274938368, 
0.256526274938368, 0.256526274938368, 0.256526274938368, 0.256526274938368, 
0.256526274938368, 0.256526274938368, 0.256526274938368, 0.256526274938368, 
0.256526274938368, 0.256526274938368, 0.256526274938368, 0.256526274938368, 
0.256526274938368, 0.256526274938368, 0.256526274938368, 0.256526274938368, 
0.256526274938368, 0.256526274938368, 0.256526274938368, 0.256526274938368, 
0.256526274938368, 0.256526274938368, 0.256526274938368, 0.256526274938368, 
0.256526274938368, 0.256526274938368, 0.256526274938368, 0.256526274938368, 
0.256526274938368, 0.256526274938368, 0.256526274938368, 0.256526274938368, 
0.256526274938368, 0.256526274938368, 0.256526274938368, 0.256526274938368, 
0.256526274938368, 0.256526274938368, 0.256526274938368, 0.256526274938368, 
0.256526274938368, 0.256526274938368, 0.256526274938368, 0.256526274938368, 
0.256526274938368, 0.256526274938368, 0.256526274938368, 0.256526274938368, 
0.256526274938368, 0.256526274938368, 0.256526274938368, 0.256526274938368, 
0.256526274938368, 0.256526274938368, 0.256526274938368, 0.256526274938368, 
0.256526274938368, 0.256526274938368, 0.256526274938368, 0.256526274938368, 
0.256526274938368, 0.256526274938368, 0.256526274938368, 0.256526274938368, 
0.256526274938368, 0.256526274938368, 0.256526274938368, 0.256526274938368, 
0.256526274938368, 0.256526274938368, 0.256526274938368, 0.256526274938368, 
0.256526274938368, 0.256526274938368, 0.256526274938368, 0.256526274938368, 
0.256526274938368, 0.256526274938368, 0.256526274938368, 0.256526274938368, 
0.256526274938368, 0.256526274938368, 0.256526274938368, 0.256526274938368, 
0.256526274938368, 0.256526274938368, 0.256526274938368, 0.256526274938368, 
0.256526274938368, 0.256526274938368, 0.256526274938368, 0.256526274938368, 
0.256526274938368)
lamdelvec <-
c(110.369426751592, 110.369426751592, 110.369426751592, 110.369426751592, 
110.369426751592, 110.369426751592, 110.369426751592, 69.0697674418605, 
69.0697674418605, 69.0697674418605, 110.369426751592, 110.369426751592, 
110.369426751592, 110.369426751592, 110.369426751592, 110.369426751592, 
110.369426751592, 110.369426751592, 110.369426751592, 110.369426751592, 
110.369426751592, 110.369426751592, 110.369426751592, 69.0697674418605, 
69.0697674418605, 69.0697674418605, 69.0697674418605, 69.0697674418605, 
69.0697674418605, 110.369426751592, 110.369426751592, 110.369426751592, 
110.369426751592, 110.369426751592, 110.369426751592, 110.369426751592, 
110.369426751592, 110.369426751592, 110.369426751592, 110.369426751592, 
110.369426751592, 110.369426751592, 110.369426751592, 110.369426751592, 
69.0697674418605, 69.0697674418605, 69.0697674418605, 69.0697674418605, 
69.0697674418605, 69.0697674418605, 110.369426751592, 110.369426751592, 
110.369426751592, 110.369426751592, 110.369426751592, 110.369426751592, 
110.369426751592, 110.369426751592, 110.369426751592, 69.0697674418605, 
69.0697674418605, 69.0697674418605, 69.0697674418605, 110.369426751592, 
110.369426751592, 110.369426751592, 110.369426751592, 69.0697674418605, 
110.369426751592, 110.369426751592, 110.369426751592, 110.369426751592, 
110.369426751592, 110.369426751592, 110.369426751592, 69.0697674418605, 
69.0697674418605, 69.0697674418605, 110.369426751592, 110.369426751592, 
110.369426751592, 110.369426751592, 110.369426751592, 110.369426751592, 
110.369426751592, 110.369426751592, 110.369426751592, 110.369426751592, 
69.0697674418605, 69.0697674418605, 69.0697674418605, 69.0697674418605, 
69.0697674418605, 69.0697674418605, 110.369426751592, 110.369426751592, 
110.369426751592, 110.369426751592, 110.369426751592, 110.369426751592, 
110.369426751592, 110.369426751592, 69.0697674418605, 69.0697674418605, 
69.0697674418605, 110.369426751592, 110.369426751592, 110.369426751592, 
110.369426751592, 110.369426751592, 110.369426751592, 69.0697674418605, 
69.0697674418605, 110.369426751592, 110.369426751592, 110.369426751592, 
110.369426751592, 110.369426751592, 110.369426751592, 110.369426751592, 
110.369426751592, 110.369426751592, 69.0697674418605, 69.0697674418605, 
69.0697674418605, 110.369426751592, 110.369426751592, 110.369426751592, 
110.369426751592, 110.369426751592, 110.369426751592, 110.369426751592, 
110.369426751592, 110.369426751592, 110.369426751592, 69.0697674418605, 
69.0697674418605, 69.0697674418605, 69.0697674418605, 110.369426751592, 
110.369426751592, 110.369426751592, 110.369426751592, 110.369426751592, 
69.0697674418605, 69.0697674418605, 110.369426751592, 110.369426751592, 
110.369426751592, 110.369426751592, 110.369426751592, 110.369426751592, 
110.369426751592, 110.369426751592, 110.369426751592, 110.369426751592, 
69.0697674418605, 69.0697674418605, 69.0697674418605, 110.369426751592, 
110.369426751592, 110.369426751592, 110.369426751592, 110.369426751592, 
69.0697674418605, 69.0697674418605, 110.369426751592, 110.369426751592, 
110.369426751592, 110.369426751592, 110.369426751592, 110.369426751592, 
110.369426751592, 110.369426751592, 69.0697674418605, 69.0697674418605, 
69.0697674418605, 69.0697674418605, 110.369426751592, 110.369426751592, 
110.369426751592, 110.369426751592, 110.369426751592, 110.369426751592, 
110.369426751592, 69.0697674418605, 69.0697674418605, 69.0697674418605, 
110.369426751592, 110.369426751592, 69.0697674418605, 110.369426751592, 
110.369426751592, 110.369426751592, 110.369426751592, 110.369426751592, 
110.369426751592, 110.369426751592, 69.0697674418605, 69.0697674418605, 
69.0697674418605, 110.369426751592, 110.369426751592, 110.369426751592, 
110.369426751592, 69.0697674418605, 69.0697674418605, 110.369426751592, 
110.369426751592, 110.369426751592, 110.369426751592, 69.0697674418605, 
110.369426751592, 110.369426751592, 110.369426751592, 110.369426751592, 
110.369426751592, 110.369426751592, 110.369426751592, 69.0697674418605, 
69.0697674418605)
mud <-
0.12
mum <-
0.12
etam <-
20
etad <-
20
lambage <-
c(110.369426751592, 110.369426751592, 110.369426751592, 110.369426751592, 
110.369426751592)
siglambagePr <-
0.00283684985961694
