lambdaGrand <-
86.7244897959184
deltaGrand <-
4.32
sigdelPrec <-
0.010575296108291
siglamPrec <-
0.00321516111150007
tauPrec <-
0.4009752
psi <-
0.0966479758838373
phi <-
-0.482765415896102
rho <-
-0.287391338973662
betavec <-
c(0.15643637080719, 0.15643637080719, 0.15643637080719, 0.15643637080719, 
0.15643637080719, 0.15643637080719, 0.15643637080719, 0.15643637080719, 
0.15643637080719, 0.15643637080719, 0.15643637080719, 0.15643637080719, 
0.15643637080719, 0.15643637080719, 0.15643637080719, 0.15643637080719, 
0.15643637080719, 0.15643637080719, 0.15643637080719, 0.15643637080719, 
0.15643637080719, 0.15643637080719, 0.15643637080719, 0.15643637080719, 
0.15643637080719, 0.15643637080719, 0.15643637080719, 0.15643637080719, 
0.15643637080719, 0.15643637080719, 0.15643637080719, 0.15643637080719, 
0.15643637080719, 0.15643637080719, 0.15643637080719, 0.15643637080719, 
0.15643637080719, 0.15643637080719, 0.15643637080719, 0.15643637080719, 
0.15643637080719, 0.15643637080719, 0.15643637080719, 0.15643637080719, 
0.15643637080719, 0.15643637080719, 0.15643637080719, 0.15643637080719, 
0.15643637080719, 0.15643637080719, 0.15643637080719, 0.15643637080719, 
0.15643637080719, 0.15643637080719, 0.15643637080719, 0.15643637080719, 
0.15643637080719, 0.15643637080719, 0.15643637080719, 0.15643637080719, 
0.15643637080719, 0.15643637080719, 0.15643637080719, 0.15643637080719, 
0.15643637080719, 0.15643637080719, 0.15643637080719, 0.15643637080719, 
0.15643637080719, 0.15643637080719, 0.15643637080719, 0.15643637080719, 
0.15643637080719, 0.15643637080719, 0.15643637080719, 0.15643637080719, 
0.15643637080719, 0.15643637080719, 0.15643637080719, 0.15643637080719, 
0.15643637080719, 0.15643637080719, 0.15643637080719, 0.15643637080719, 
0.15643637080719, 0.15643637080719, 0.15643637080719, 0.15643637080719, 
0.15643637080719, 0.15643637080719, 0.15643637080719, 0.15643637080719, 
0.15643637080719, 0.15643637080719, 0.15643637080719, 0.15643637080719, 
0.15643637080719, 0.15643637080719)
colpadvecs <-
c(0, 0, 0, 0, 0, 0, 0, 0, 0, 0, 0, 0, 0, 0, 0, 0, 0, 0, 0, 0, 
0, 0, 0, 0, 0, 0, 0, 0, 0, 0, 0, 0, 0, 0, 0, 0, 0, 0, 0, 0, 0, 
0, 0, 0, 0, 0, 0, 0, 0, 0, 0, 0, 0, 0, 0, 0, 0, 0, 0, 0, 0)
lamdelvec <-
c(86.7244897959184, 86.7244897959184, 86.7244897959184, 86.7244897959184, 
4.32, 4.32, 86.7244897959184, 86.7244897959184, 86.7244897959184, 
4.32, 86.7244897959184, 86.7244897959184, 4.32, 86.7244897959184, 
86.7244897959184, 86.7244897959184, 86.7244897959184, 86.7244897959184, 
4.32, 4.32, 86.7244897959184, 86.7244897959184, 86.7244897959184, 
86.7244897959184, 86.7244897959184, 4.32, 86.7244897959184, 86.7244897959184, 
86.7244897959184, 86.7244897959184, 86.7244897959184, 86.7244897959184, 
86.7244897959184, 86.7244897959184, 86.7244897959184, 86.7244897959184, 
86.7244897959184, 86.7244897959184, 4.32, 4.32, 4.32, 4.32, 4.32, 
4.32, 86.7244897959184, 86.7244897959184, 86.7244897959184, 86.7244897959184, 
86.7244897959184, 86.7244897959184, 4.32, 4.32, 4.32, 86.7244897959184, 
86.7244897959184, 86.7244897959184, 86.7244897959184, 4.32, 4.32, 
86.7244897959184, 86.7244897959184, 86.7244897959184, 86.7244897959184, 
86.7244897959184, 86.7244897959184, 86.7244897959184, 86.7244897959184, 
4.32, 4.32, 4.32, 86.7244897959184, 86.7244897959184, 86.7244897959184, 
86.7244897959184, 86.7244897959184, 86.7244897959184, 86.7244897959184, 
86.7244897959184, 86.7244897959184, 86.7244897959184, 4.32, 4.32, 
4.32, 4.32, 86.7244897959184, 86.7244897959184, 86.7244897959184, 
86.7244897959184, 86.7244897959184, 4.32, 4.32, 86.7244897959184, 
86.7244897959184, 86.7244897959184, 4.32, 86.7244897959184, 86.7244897959184, 
86.7244897959184, 86.7244897959184, 86.7244897959184, 86.7244897959184, 
4.32, 4.32, 4.32, 86.7244897959184, 86.7244897959184, 86.7244897959184, 
86.7244897959184, 4.32, 4.32, 86.7244897959184, 86.7244897959184, 
86.7244897959184, 86.7244897959184, 86.7244897959184, 86.7244897959184, 
4.32, 4.32, 4.32, 86.7244897959184, 86.7244897959184, 86.7244897959184, 
86.7244897959184, 4.32, 4.32, 86.7244897959184, 86.7244897959184, 
86.7244897959184, 86.7244897959184, 86.7244897959184, 4.32, 4.32, 
86.7244897959184, 86.7244897959184, 86.7244897959184, 86.7244897959184, 
86.7244897959184, 86.7244897959184, 4.32, 4.32, 4.32)
rowpadvecs <-
c(0, 0, 0, 0, 0, 0, 0, 0, 0, 0, 0, 0, 0, 0, 0, 0, 0, 0, 0, 0, 
0, 0, 0, 0, 0, 0, 0, 0, 0, 0, 0, 0, 0, 0, 0, 0, 0, 0, 0, 0, 0, 
0, 0, 0, 0, 0, 0, 0, 0, 0, 0, 0, 0, 0, 0, 0, 0, 0, 0, 0, 0, 0, 
0, 0, 0, 0, 0, 0, 0, 0, 0, 0, 0, 0, 0, 0, 0, 0, 0, 0, 0, 0, 0, 
0, 0, 0, 0, 0, 0, 0, 0, 0, 0, 0, 0, 0, 0, 0, 0, 0, 0, 0, 0, 0, 
0, 0, 0, 0, 0, 0, 0, 0, 0, 0, 0, 0)
mud <-
0.12
mum <-
0.12
etam <-
20
etad <-
20
lambage <-
c(86.7244897959184, 86.7244897959184, 86.7244897959184)
siglambagePr <-
0.00321516111150007
